[{"position": [14.012730160522612, 7.138114841146237, 12.005606754603997], "precision": [[194.32230407250137, -26.41160073611374, -80.3012097508848], [-26.41160073611374, 4.526544892852142, 10.917253647059066], [-80.3012097508848, 10.917253647059066, 36.80428821717691]], "class": 62, "direction": [0.0, 0.0, 0.0], "size": 1.0}, {"position": [14.340847449087546, 11.360261826684399, 11.797471388712017], "precision": [[792660.6516326191, 287618.8471711084, -285687.09929105255], [287618.8471711084, 104410.00023449669, -103681.79405559332], [-285687.09929105255, -103681.79405559332, 102977.55361616028]], "class": 62, "direction": [0.0, 0.0, 0.0], "size": 1.0}, {"position": [14.227341926354617, 9.736439040332609, 11.182114468907608], "precision": [[841296.7177974957, -8370.068100494944, -365299.3623724347], [-8370.068100494944, 999558.5596023327, -19266.019566264073], [-365299.3623724347, -19266.019566264073, 159162.79550427137]], "class": 62, "direction": [0.0, 0.0, 0.0], "size": 1.0}, {"position": [13.942342940865334, 10.022714163716593, 11.059926383782345], "precision": [[176.89022847602038, -17.179468093587804, -68.68121772511611], [-17.179468093587804, 2.5802964534689945, 8.058118310484787], [-68.68121772511611, 8.058118310484787, 31.680745068124676]], "class": 62, "direction": [0.0, 0.0, 0.0], "size": 1.0}, {"position": [13.783078684715091, 6.321405855584227, 12.0640873232265], "precision": [[1000000.0, -4.291403324402294e-16, -8.046381233254301e-16], [-4.291403324402294e-16, 1000000.0, -3.7865323450608473e-16], [-8.046381233254301e-16, -3.7865323450608473e-16, 1000000.0]], "class": 76, "direction": [0.0, 0.0, 0.0], "size": 1.0}, {"position": [14.64170683090365, 9.051360122221139, 12.860388697736049], "precision": [[957422.459654865, -27360.311428216286, -200040.08831124648], [-27360.311428216286, 982418.2741558754, -128545.68561217241], [-200040.08831124648, -128545.68561217241, 60160.90619308638]], "class": 76, "direction": [0.0, 0.0, 0.0], "size": 1.0}, {"position": [14.274495594164634, 6.271821259092196, 14.73654612019876], "precision": [[1000000.0, -4.543838814073017e-16, -1.0223637331664287e-15], [-4.543838814073017e-16, 1000000.0, -4.543838814073017e-16], [-1.0223637331664287e-15, -4.543838814073017e-16, 1000000.0]], "class": 72, "direction": [0.0, 0.0, 0.0], "size": 1.0}, {"position": [14.99697665238034, 9.174485825567267, 14.349494830546979], "precision": [[1000000.0, -6.594877167647643e-16, -1.0791617183423416e-15], [-6.594877167647643e-16, 1000000.0, -6.247778369350399e-16], [-1.0791617183423416e-15, -6.247778369350399e-16, 1000000.0]], "class": 72, "direction": [0.0, 0.0, 0.0], "size": 1.0}]